#                                                                                 --- full sequence --- -------------- this domain -------------   hmm coord   ali coord   env coord
# target name             accession   tlen query name           accession   qlen   E-value  score  bias   #  of  c-Evalue  i-Evalue  score  bias  from    to  from    to  from    to  acc description of target
#     ------------------- ---------- ----- -------------------- ---------- ----- --------- ------ ----- --- --- --------- --------- ------ ----- ----- ----- ----- ----- ----- ----- ---- ---------------------
tig00000034:273967-275940 -            658 11940at4891          -            504  2.3e-207  686.7  41.8   1   4     1e-09   9.4e-07   25.0   0.0     1    29    13    42    13    49 0.88 -
tig00000034:273967-275940 -            658 11940at4891          -            504  2.3e-207  686.7  41.8   2   4   1.3e-40   1.2e-37  126.9   0.2    28   128    61   176    51   181 0.86 -
tig00000034:273967-275940 -            658 11940at4891          -            504  2.3e-207  686.7  41.8   3   4   7.2e-07   0.00065   15.6   0.2   121   144   208   235   193   240 0.85 -
tig00000034:273967-275940 -            658 11940at4891          -            504  2.3e-207  686.7  41.8   4   4  7.2e-162  6.5e-159  526.9  28.6   144   504   261   658   256   658 0.91 -
tig00000001:649535-651517 -            661 11940at4891          -            504  2.9e-197  653.4  43.8   1   4   1.8e-07   0.00016   17.6   0.0     2    29     8    36     7    42 0.90 -
tig00000001:649535-651517 -            661 11940at4891          -            504  2.9e-197  653.4  43.8   2   4   5.3e-39   4.8e-36  121.6   0.2    28   123    55   165    48   169 0.87 -
tig00000001:649535-651517 -            661 11940at4891          -            504  2.9e-197  653.4  43.8   3   4   5.8e-06    0.0053   12.6   0.4   121   144   211   238   202   242 0.84 -
tig00000001:649535-651517 -            661 11940at4891          -            504  2.9e-197  653.4  43.8   4   4  5.2e-156  4.7e-153  507.6  32.0   144   504   264   661   258   661 0.91 -
tig00000023:389286-391238 -            651 11940at4891          -            504     4e-36  121.9  55.4   1   4   9.5e-18   8.7e-15   51.5   0.0    10   135     4   155     1   175 0.75 -
tig00000023:389286-391238 -            651 11940at4891          -            504     4e-36  121.9  55.4   2   4   1.6e-06    0.0015   14.4   0.9   135   198   186   265   180   281 0.69 -
tig00000023:389286-391238 -            651 11940at4891          -            504     4e-36  121.9  55.4   3   4   1.4e-06    0.0013   14.6  18.4   231   355   320   470   312   475 0.67 -
tig00000023:389286-391238 -            651 11940at4891          -            504     4e-36  121.9  55.4   4   4   1.4e-17   1.3e-14   50.9  18.4   370   499   504   650   494   651 0.79 -
#
# Program:         hmmsearch
# Version:         3.1b2 (February 2015)
# Pipeline mode:   SEARCH
# Query file:      /home/inf-38-2022/BINP29/longread/2/busco_downloads/lineages/saccharomycetes_odb10/hmms/11940at4891.hmm
# Target file:     /home/inf-38-2022/BINP29/longread/2/Results/04_Busco/canu/run_saccharomycetes_odb10/metaeuk_output/initial_results/asm.contigs.fasta.modified.fas
# Option settings: hmmsearch --domtblout /home/inf-38-2022/BINP29/longread/2/Results/04_Busco/canu/run_saccharomycetes_odb10/hmmer_output/initial_run_results/11940at4891.out --cpu 1 /home/inf-38-2022/BINP29/longread/2/busco_downloads/lineages/saccharomycetes_odb10/hmms/11940at4891.hmm /home/inf-38-2022/BINP29/longread/2/Results/04_Busco/canu/run_saccharomycetes_odb10/metaeuk_output/initial_results/asm.contigs.fasta.modified.fas 
# Current dir:     /home/inf-38-2022/BINP29/longread/2
# Date:            Thu Feb 23 14:05:58 2023
# [ok]
