#                                                                                 --- full sequence --- -------------- this domain -------------   hmm coord   ali coord   env coord
# target name             accession   tlen query name           accession   qlen   E-value  score  bias   #  of  c-Evalue  i-Evalue  score  bias  from    to  from    to  from    to  acc description of target
#     ------------------- ---------- ----- -------------------- ---------- ----- --------- ------ ----- --- --- --------- --------- ------ ----- ----- ----- ----- ----- ----- ----- ---- ---------------------
tig00000061:622416-623744 -            443 12837at4891          -            352  7.2e-182  601.4   6.3   1   1  5.1e-182    2e-179  593.3   6.3     1   352    18   431    18   431 0.89 -
tig00000083:281454-282713 -            420 12837at4891          -            352   6.7e-81  269.3   0.1   1   3   1.2e-10   4.7e-08   29.6   0.0     1    48     6    53     6    75 0.88 -
tig00000083:281454-282713 -            420 12837at4891          -            352   6.7e-81  269.3   0.1   2   3   5.3e-33   2.1e-30  103.2   0.0    38   194    74   254    55   271 0.82 -
tig00000083:281454-282713 -            420 12837at4891          -            352   6.7e-81  269.3   0.1   3   3     4e-42   1.5e-39  133.2   0.1   196   325   284   420   281   420 0.93 -
tig00000078:254316-255827 -            504 12837at4891          -            352   2.7e-46  155.4   6.6   1   2     6e-22   2.3e-19   66.8   6.3     1   196    86   328    86   346 0.74 -
tig00000078:254316-255827 -            504 12837at4891          -            352   2.7e-46  155.4   6.6   2   2   1.5e-25   5.8e-23   78.7   0.0   195   330   359   499   349   504 0.89 -
tig00000001:414666-415559 -            298 12837at4891          -            352   9.4e-06   22.1   0.1   1   2   1.8e-05    0.0071   12.6   0.0   156   213     3    74     1    84 0.75 -
tig00000001:414666-415559 -            298 12837at4891          -            352   9.4e-06   22.1   0.1   2   2   0.00093      0.36    7.0   0.0   259   313   198   259   174   273 0.83 -
tig00000007:218205-219086 -            294 12837at4891          -            352     4e-05   20.0   0.0   1   2   0.00017     0.067    9.4   0.0   157   212     2    71     1    83 0.72 -
tig00000007:218205-219086 -            294 12837at4891          -            352     4e-05   20.0   0.0   2   2   0.00035      0.14    8.4   0.0   245   325   178   267   155   275 0.75 -
tig00000007:842841-843530 -            230 12837at4891          -            352    0.0011   15.3   0.0   1   1   3.2e-06    0.0013   15.1   0.0   143   241     5   119     1   193 0.67 -
tig00000022:171072-171812 -            247 12837at4891          -            352     0.003   13.9   0.0   1   2   2.4e-05    0.0095   12.2   0.0   157   211     4    67     2   113 0.79 -
tig00000022:171072-171812 -            247 12837at4891          -            352     0.003   13.9   0.0   2   2      0.29   1.1e+02   -1.2   0.0   261   305   150   199   127   213 0.55 -
#
# Program:         hmmsearch
# Version:         3.1b2 (February 2015)
# Pipeline mode:   SEARCH
# Query file:      /home/inf-38-2022/BINP29/longread/2/busco_downloads/lineages/saccharomycetes_odb10/hmms/12837at4891.hmm
# Target file:     /home/inf-38-2022/BINP29/longread/2/Results/04_Busco/canu/run_saccharomycetes_odb10/metaeuk_output/initial_results/asm.contigs.fasta.modified.fas
# Option settings: hmmsearch --domtblout /home/inf-38-2022/BINP29/longread/2/Results/04_Busco/canu/run_saccharomycetes_odb10/hmmer_output/initial_run_results/12837at4891.out --cpu 1 /home/inf-38-2022/BINP29/longread/2/busco_downloads/lineages/saccharomycetes_odb10/hmms/12837at4891.hmm /home/inf-38-2022/BINP29/longread/2/Results/04_Busco/canu/run_saccharomycetes_odb10/metaeuk_output/initial_results/asm.contigs.fasta.modified.fas 
# Current dir:     /home/inf-38-2022/BINP29/longread/2
# Date:            Thu Feb 23 14:06:05 2023
# [ok]
