#                                                                                 --- full sequence --- -------------- this domain -------------   hmm coord   ali coord   env coord
# target name             accession   tlen query name           accession   qlen   E-value  score  bias   #  of  c-Evalue  i-Evalue  score  bias  from    to  from    to  from    to  acc description of target
#     ------------------- ---------- ----- -------------------- ---------- ----- --------- ------ ----- --- --- --------- --------- ------ ----- ----- ----- ----- ----- ----- ----- ---- ---------------------
tig00000007:71168-71530   -            121 36106at4891          -             72   1.8e-43  144.0  16.5   1   1   1.8e-45   5.6e-43  142.4  16.5     1    72    32   112    32   112 0.96 -
tig00000001:434186-434680 -            165 36106at4891          -             72   4.6e-09   33.8  10.4   1   1   2.2e-10   6.8e-08   30.0  10.4    18    69    35    93     1    96 0.87 -
tig00000014:356872-357027 -             52 36106at4891          -             72   2.5e-06   25.0   3.4   1   1   1.9e-08   5.7e-06   23.8   3.4    20    69     4    50     2    52 0.90 -
tig00000022:379274-381547 -            758 36106at4891          -             72    0.0011   16.6   4.3   1   1   7.3e-06    0.0022   15.6   4.3    23    69   698   750   692   753 0.71 -
tig00000007:302215-303852 -            546 36106at4891          -             72    0.0078   13.8   3.8   1   1   6.7e-05      0.02   12.5   3.8    45    69   369   393   332   395 0.72 -
tig00000010:729693-729827 -             45 36106at4891          -             72    0.0093   13.6   7.6   1   1   5.8e-05     0.018   12.7   7.6    44    64    16    36     1    45 0.77 -
tig00000012:168465-173150 -           1562 36106at4891          -             72     0.017   12.7   3.1   1   1   0.00012     0.035   11.7   3.1    21    69  1505  1553  1499  1556 0.82 -
tig00000078:442873-447414 -           1514 36106at4891          -             72     0.059   11.0   3.9   1   1   0.00057      0.17    9.5   3.9    42    69  1210  1237  1189  1239 0.77 -
tig00000037:102946-104157 -            404 36106at4891          -             72       1.2    6.8   7.2   1   2    0.0054       1.6    6.4   5.1    43    69    29    55     9    57 0.78 -
tig00000037:102946-104157 -            404 36106at4891          -             72       1.2    6.8   7.2   2   2       1.5   4.5e+02   -1.5   0.0    20    29   177   186   173   194 0.78 -
#
# Program:         hmmsearch
# Version:         3.1b2 (February 2015)
# Pipeline mode:   SEARCH
# Query file:      /home/inf-38-2022/BINP29/longread/2/busco_downloads/lineages/saccharomycetes_odb10/hmms/36106at4891.hmm
# Target file:     /home/inf-38-2022/BINP29/longread/2/Results/04_Busco/canu/run_saccharomycetes_odb10/metaeuk_output/initial_results/asm.contigs.fasta.modified.fas
# Option settings: hmmsearch --domtblout /home/inf-38-2022/BINP29/longread/2/Results/04_Busco/canu/run_saccharomycetes_odb10/hmmer_output/initial_run_results/36106at4891.out --cpu 1 /home/inf-38-2022/BINP29/longread/2/busco_downloads/lineages/saccharomycetes_odb10/hmms/36106at4891.hmm /home/inf-38-2022/BINP29/longread/2/Results/04_Busco/canu/run_saccharomycetes_odb10/metaeuk_output/initial_results/asm.contigs.fasta.modified.fas 
# Current dir:     /home/inf-38-2022/BINP29/longread/2
# Date:            Thu Feb 23 14:07:48 2023
# [ok]
