#                                                                                 --- full sequence --- -------------- this domain -------------   hmm coord   ali coord   env coord
# target name             accession   tlen query name           accession   qlen   E-value  score  bias   #  of  c-Evalue  i-Evalue  score  bias  from    to  from    to  from    to  acc description of target
#     ------------------- ---------- ----- -------------------- ---------- ----- --------- ------ ----- --- --- --------- --------- ------ ----- ----- ----- ----- ----- ----- ----- ---- ---------------------
tig00000001:911893-913950 -            686 3798at4891           -            544  2.1e-293  971.3   9.1   1   3  4.1e-135  2.8e-132  439.5   0.2     1   223    13   250    13   266 0.94 -
tig00000001:911893-913950 -            686 3798at4891           -            544  2.1e-293  971.3   9.1   2   3   8.1e-77   5.5e-74  247.1   1.2   226   378   282   455   269   476 0.89 -
tig00000001:911893-913950 -            686 3798at4891           -            544  2.1e-293  971.3   9.1   3   3   2.4e-89   1.6e-86  288.4   0.1   375   544   493   686   480   686 0.88 -
tig00000005:627769-630033 -            755 3798at4891           -            544     4e-49  165.0   0.3   1   3   2.5e-21   1.7e-18   63.9   0.2    43   223    49   253     7   270 0.75 -
tig00000005:627769-630033 -            755 3798at4891           -            544     4e-49  165.0   0.3   2   3   2.5e-20   1.7e-17   60.6   0.0   262   380   345   474   338   480 0.85 -
tig00000005:627769-630033 -            755 3798at4891           -            544     4e-49  165.0   0.3   3   3     1e-12   7.1e-10   35.4   0.0   433   518   613   697   580   707 0.79 -
tig00000078:338797-341121 -            775 3798at4891           -            544   1.1e-42  143.7   0.0   1   2   3.2e-41   2.2e-38  129.5   0.0    19   376    83   502    76   543 0.74 -
tig00000078:338797-341121 -            775 3798at4891           -            544   1.1e-42  143.7   0.0   2   2   0.00013     0.088    8.7   0.0   434   486   654   706   642   715 0.84 -
tig00000061:694240-696606 -            789 3798at4891           -            544   2.1e-35  119.7   0.0   1   2   3.8e-34   2.6e-31  106.2   0.0    13   374    78   505    70   509 0.72 -
tig00000061:694240-696606 -            789 3798at4891           -            544   2.1e-35  119.7   0.0   2   2   0.00042      0.29    7.0   0.0   432   483   657   708   644   716 0.81 -
#
# Program:         hmmsearch
# Version:         3.1b2 (February 2015)
# Pipeline mode:   SEARCH
# Query file:      /home/inf-38-2022/BINP29/longread/2/busco_downloads/lineages/saccharomycetes_odb10/hmms/3798at4891.hmm
# Target file:     /home/inf-38-2022/BINP29/longread/2/Results/04_Busco/canu/run_saccharomycetes_odb10/metaeuk_output/initial_results/asm.contigs.fasta.modified.fas
# Option settings: hmmsearch --domtblout /home/inf-38-2022/BINP29/longread/2/Results/04_Busco/canu/run_saccharomycetes_odb10/hmmer_output/initial_run_results/3798at4891.out --cpu 1 /home/inf-38-2022/BINP29/longread/2/busco_downloads/lineages/saccharomycetes_odb10/hmms/3798at4891.hmm /home/inf-38-2022/BINP29/longread/2/Results/04_Busco/canu/run_saccharomycetes_odb10/metaeuk_output/initial_results/asm.contigs.fasta.modified.fas 
# Current dir:     /home/inf-38-2022/BINP29/longread/2
# Date:            Thu Feb 23 14:07:53 2023
# [ok]
